17162
115622
17190
105652
230901
215317
204053
231805
204055
115625
204056
216938
219058
17242
229820
115678
214897
223299
16264
214952
115629
16079
16440
19603
204058
19657
105991
702291
669642
221760
226261
204059
222832
229817
78906
204060
2758
230985
115635
229659
17243
17161
222541
13170
88775
115643
229570
230513
226263
18044
115651
2679
220971
17188
106012
21673
224114
232005
222024
222258
204063
18867
15932
218905
221359
224677
230028
204064
17160
18865
106068
221943
204065
115666
21501
221398
17245
21557
669620
215124
78908
18866
220832
16552
115742
220107
221674
215135
106067
17182
226477
221872
222393
223444
232025
204067
223849
225574
115748
226464
115751
115753
710945
115754
105661
230898
115756
3738
231143
214967
219881
225825
219886
204070
204071
115734
232047
232995
230398
230726
226502
