710302
166891
712343
710394
710521
710597
706688
710175
710190
712620
710194
710196
710419
688445
710390
712344
710868
710887
710920
711557
182948
688444
701310
172087
709507
710532
710903
712345
688443
710479
701311
710494
710191
710330
710463
712346
512797
23554
710193
710421
711032
512855
671817
710371
710785
1390
712210
710822
513017
671812
671813
513022
710667
701396
701397
701399
101036
105963
6691
512788
512826
710238
18909
18911
701006
669665
710313
18912
710291
18913
710934
18910
79615
710954
710323
246855
710800
19821
513400
281649
4816
513662
671709
513644
710960
701008
671574
106085
19660
16917
710799
710801
710957
17331
710566
711920
710567
513368
711615
513657
512960
671797
710186
21664
3881
159500
79779
79726
159524
512766
79703
79792
159522
159497
79707
159560
79734
159496
159501
159509
448163
493633
159999
159543
482553
1569
391270
421077
474070
10084
711235
449206
471070
4191
7900
19480
105632
79780
79850
79758
159719
159731
79856
12737
79740
20018
159851
159830
160434
159855
159814
159819
159827
436055
159842
450051
10112
12333
10022
16670
19479
16675
15347
5682
79737
79851
79768
159981
19364
101011
79852
425931
102467
79854
160291
159979
79731
160075
160353
23035
437367
710733
79773
482017
15591
79631
23733
79706
79757
79732
160148
160138
503590
160088
669668
160103
417464
424540
160128
79729
160160
513546
447886
160203
79750
711826
160161
160166
711742
160474
502452
508917
484905
160216
14544
11931
512874
511631
431416
419202
710998
1286
79764
79711
160335
79754
19937
79775
160417
395638
160359
160361
477541
477941
2772
79760
79924
79735
401743
402925
160438
160439
79766
160479
160475
9473
21711
79749
79762
106097
160558
160544
160530
160513
105939
160523
160526
160533
160543
160559
106098
160573
105952
5818
1710
160591
160606
672961
160616
160607
160579
160597
421399
160614
160576
160580
710456
160596
160600
434468
160601
160603
470489
470704
489807
490488
79797
79709
669675
160352
160766
79794
160755
160655
160630
160634
473186
160759
160659
160677
431712
432521
160694
160711
711891
160743
79733
513233
79705
160776
409206
477254
160770
409148
79857
160778
393924
160767
509945
509966
509969
160780
6343
7875
4556
23738
23744
79761
79789
79796
79788
106006
79798
79772
79710
79755
79738
105941
105954
160829
420884
16667
160898
79727
79654
79741
160916
106087
160893
411774
471554
160911
513049
4980
79805
512829
18595
79853
435934
160946
159745
508717
79620
3829
79719
390223
79763
79704
161009
106103
395054
160971
160976
160983
160997
161002
79790
433713
490472
79786
79728
486778
398546
15947
79922
79915
79913
161043
161090
161028
161070
161083
711889
12411
8430
79638
79639
106111
79771
79777
79803
161132
106106
106102
106009
161118
106007
161108
412867
421323
161125
161129
161130
161168
161174
3987
79914
79919
79918
471361
161229
161273
106099
161209
161221
427167
437105
493060
710937
478826
161263
4729
21502
79860
79863
412393
390252
79859
79864
161295
161314
710356
79865
79862
160276
161335
161309
504901
161281
405000
161284
710420
161293
416581
159689
710613
161316
161317
446833
161333
479877
489127
13259
10509
512943
476845
15899
79776
428794
161349
79791
161346
79701
19830
79752
105943
5445
79756
79714
405400
479183
79848
161378
485757
497733
390169
161410
161409
398644
161368
405145
433142
161408
504267
161419
161432
14892
19477
6355
79781
79769
79778
671666
79800
19373
79774
23746
513485
79743
161521
105638
159625
161528
30335
16808
9216
18035
15190
88777
513067
114414
114418
513015
114411
114405
671698
19538
513319
702197
23053
114434
30362
671576
114428
710460
710353
114431
710589
114433
16856
8138
30354
114436
710260
710450
114439
21053
9868
512751
30376
114440
669619
114441
114442
79623
671649
30379
710847
30336
14552
114450
11304
710189
710206
710333
6613
21044
17302
21052
30352
114477
711819
513029
512765
17947
114487
114489
671731
17299
19531
114488
669615
114482
513225
17278
710699
114478
513477
513313
669542
18031
710732
78899
18028
114499
710468
710489
712151
710549
710728
671658
712058
30373
17940
114515
114505
114520
114511
114510
688632
114506
513452
710487
114526
710721
710738
513031
710802
114517
114522
9028
17843
2112
30361
17275
30363
21041
18030
21068
21055
114529
710890
21061
390154
702268
114525
710288
712908
710530
710619
710651
114446
710725
712901
513307
710956
711012
17285
10188
30372
30356
512734
512985
669612
10648
30375
710474
710248
710745
710923
711006
8976
17853
513338
710312
513206
4923
5455
17273
30381
11806
30357
8890
114560
102463
19535
513091
21086
30346
17832
17270
30360
712030
702240
292834
114549
114547
114546
688487
114550
710397
688612
710590
710668
710716
30369
710858
513633
114564
710912
710931
114566
114570
12722
14100
17290
17284
17283
14382
18036
5525
17280
16848
17306
17997
17282
21059
512980
513289
16851
114574
21073
688630
512679
706666
710654
114576
114573
710966
710199
710182
710269
711847
710391
712148
19536
710514
710517
710523
710563
710576
21078
710580
710591
710646
17287
710722
711846
17295
710794
710795
17296
712156
712903
710932
710952
712157
716174
114578
710981
711026
21043
711029
711034
17868
2578
3177
8864
17946
12362
17937
7851
21634
17944
17936
114589
114581
671786
710244
710258
712145
114585
712029
710366
712146
710547
21070
18032
710780
707847
114593
390152
671697
710925
711011
16850
16854
21075
17300
3609
30344
512817
17291
593
7010
102462
30367
30365
30358
114618
17292
114597
514523
702193
114612
114628
710374
114635
114643
30349
114604
702306
709729
114636
114599
712159
711931
114613
710184
114600
710282
710359
710360
669633
710469
710536
512916
512908
30364
710573
710574
712152
712909
710608
114621
710636
513413
712898
114634
710837
114637
669648
114645
114656
710985
671685
711930
711036
11939
710318
711899
669608
513273
5063
11320
17945
710373
30350
114665
710188
21085
710497
710213
710214
105946
672514
711989
710575
710875
12565
7741
319
17852
669517
710247
114667
114670
513606
114677
30374
114678
8845
3667
11067
16847
7719
21648
21649
724
17265
21065
513176
21074
16853
16858
16846
21067
14752
17271
21644
114702
513181
710863
710361
114685
710768
710874
711933
114703
114683
21063
710207
710208
710235
710251
669672
114687
711936
710266
710351
710352
513193
710362
669522
711935
710370
710416
710425
712057
114691
513468
712896
710546
711934
710551
16852
669673
710588
710604
513253
30370
712911
21090
18033
710828
713177
19611
513130
702308
512828
5051
21057
30366
688631
709818
711903
671585
710838
694536
710739
513326
710901
17269
16857
114739
18709
2612
15182
21080
114745
19541
114737
513541
114719
21089
17305
512698
114730
114741
114740
513220
513632
114726
30359
512705
688613
513064
705982
114713
669485
114717
114710
702044
513500
114727
513367
672977
710951
702295
114729
114711
706203
114722
21638
716176
712054
114706
114545
710293
710368
710446
712904
513204
710594
712910
512745
715342
712155
713182
710883
710917
712158
711019
711025
8801
114404
114422
79621
9641
3005
7394
15783
17266
114759
21081
30368
114750
114755
114749
114763
513506
513392
21084
711854
712005
513499
114753
711988
114761
710905
23737
1297
12354
17870
19534
17274
17276
21077
21051
2558
30345
513396
114768
513274
513347
114770
512987
21082
114774
114764
79622
702183
671787
513337
513647
513363
513129
513362
21066
710210
710254
710268
30347
710294
710322
114767
712149
710495
710518
710533
710713
114772
390153
114776
710987
6241
10863
19540
17281
513045
21640
702168
21646
702307
114786
513537
671590
712154
711979
710209
114782
671626
30351
710402
711898
710436
114788
114789
710609
710635
710671
114796
710742
513310
710892
710916
513195
19806
669576
712892
17193
711811
106046
106038
512920
512832
669640
102488
21741
19621
709724
161623
19359
2961
18878
161737
106079
671622
161741
513611
513512
106070
161718
292865
513061
513226
214881
705325
512875
513358
706696
246860
710183
669567
161720
106023
512956
161769
710778
710711
105977
513106
512743
711860
710811
14018
8691
710522
161680
10779
5414
106065
161749
161752
102505
105614
21721
256216
390119
105624
246854
671806
161760
8026
513014
710239
102465
513057
246861
710775
710342
710357
512833
710864
710877
513517
88776
21506
705380
513109
161771
161772
711978
710946
669526
105999
669527
18976
19644
669525
702150
513507
513656
390132
19925
390221
19625
101019
102498
161866
390131
161810
19438
669494
21284
512968
21719
390238
512966
513047
710831
513121
671595
671602
21717
105948
709532
390164
19391
161798
390130
19392
19436
705347
106013
709492
711127
710803
102497
161765
106073
705374
23732
19626
702284
292837
161787
716186
710274
390126
709496
78901
292827
513323
702156
694528
707842
710709
18943
21740
512948
19623
5152
106056
12820
106057
161814
161893
256223
214880
161831
14472
512877
710776
710451
710249
19624
292838
102496
16842
17772
712915
161870
710395
710599
390120
512755
18881
19622
710652
702041
702165
710665
512984
390127
13740
18812
106579
106210
106191
710684
106167
106237
106171
106187
106217
106225
255294
9190
106265
106165
252927
256175
8950
21378
78917
255262
246974
106291
253372
5375
106333
514499
106359
254971
247573
247889
106323
254321
18809
512759
248235
19358
106427
106443
16527
