798604
168979
291841
292583
411883
254048
292235
443363
1154958
833978
1075607
1031514
1195868
297143
932034
925879
1176643
294856
230435
568920
400250
1176651
1083160
247965
866987
488848
489047
1019788
73279
489034
488848
772347
267896
1019803
489047
1179139
1147897
1047660
1019788
850141
280616
1019823
410128
298618
854256
399975
298943
1198249
240576
290440
885786
289191
1046925
289189
335261
287007
263260
789367
149038
1161484
444400
296620
288096
296623
951236
557948
861974
462356
280290
75224
287957
276659
1119577
305737
410544
443192
284277
446239
292622
460271
292592
292613
625544
630056
630030
564333
256073
295546
394059
985474
407740
908997
745965
926899
503365
280938
926169
514854
854256
850141
280616
1019823
648904
304229
657031
535983
445316
547985
1019933
822083
625248
822144
850231
1140704
1019964
822141
822047
1019954
822086
822159
1135728
290371
408698
280516
850141
280616
1019823
854256
1077450
528675
343598
730347
648909
965433
73282
896752
1059216
1120486
255056
963857
335367
298942
412240
287936
568969
535731
545517
1083090
399923
879545
615572
1083230
984522
622164
1147293
633686
569688
1047896
533077
1082815
1047900
1083387
1082839
1047899
1047894
1082971
1047898
335499
1047895
548445
10947
1158058
522902
335200
926826
969231
230533
399236
444896
1077587
445181
300277
908133
569353
542507
300263
237485
1147907
545661
1062253
174466
1165750
1178935
623626
623624
1019852
623627
394515
623625
623628
773599
1156759
335204
926813
444477
305757
336364
315725
805021
305316
165226
751659
517789
297457
1164989
969447
239668
445481
1200079
302811
239828
234435
239686
1072957
43416
661142
711602
281523
558037
533076
622025
1155822
735075
621779
773193
1077317
773194
1080446
1080451
1031484
1135609
1117230
926899
745965
503365
280938
926169
514854
734886
567541
1157359
782468
302682
186731
1161202
390242
446692
983590
624739
401155
461265
1061899
1200334
1104991
854309
1135446
951266
298371
862549
299449
810267
1160655
724074
1159818
299819
871623
567923
298697
298560
393956
393957
1160353
1101617
879545
1083230
1178512
1047896
1047900
1083387
1047899
1076611
1047894
1047898
1047895
1158502
255972
461943
583631
1019773
772340
407652
572384
695757
410768
621290
547348
905576
460541
305317
461439
444352
748438
254955
908735
432998
764487
984374
1127063
461921
315725
805021
773599
1156759
305984
335204
305757
255464
297330
298012
548445
10947
1158058
522902
335200
926826
969231
230533
399236
444896
1147910
1077587
1147907
445181
300277
908133
569353
542507
620904
546807
300263
1162463
864855
1047901
237485
1147901
1147919
1147889
1147920
735517
735364
503294
926993
583580
781838
1177760
544296
850183
850407
529025
850276
984758
407755
338937
287591
544511
1082841
748423
1032168
570362
461943
583631
1019773
772340
572384
547348
460541
748438
764487
461921
274278
564333
256073
295546
394059
985474
407740
908997
73279
489034
488848
772347
267896
1019803
489047
1179139
1147897
1047660
1019788
274278
564333
461943
583631
1019773
772340
256073
295546
572384
394059
547348
985474
460541
407740
748438
764487
908997
461921
399975
65104
928993
871221
804875
297859
1031484
661142
297142
281523
558037
533076
622025
286699
1155822
926697
735075
621779
773193
1077317
773194
859980
1031291
1080446
625573
263080
1193187
502259
930035
237299
301651
185936
759810
699275
666140
908130
689917
1165420
860848
1031967
1083353
487201
255451
984677
877100
1161385
479540
1198372
1193363
1109651
1161877
1194483
1047378
1166008
1162326
1121061
412565
186050
1019761
1159435
1122450
1196123
810157
230730
285695
251880
1161857
729818
254879
66350
299399
916904
1158640
624737
1193101
489229
1157785
1030600
302627
410128
1059473
298618
1200334
300929
11014
431836
535874
914270
1179527
1158651
1193972
633603
412666
255402
538726
462128
1030831
230144
73270
980345
281576
522843
923927
394563
1191895
1187717
394417
71550
1156427
1031263
545991
951117
502460
755347
290150
522890
303163
239659
1165555
43421
545993
905692
1197667
931569
281646
545994
1159606
1122817
1090429
1159518
1163262
1148602
1161586
290428
908997
263080
546897
1193187
502259
237299
301651
185936
759810
666140
908130
689917
860581
1165420
860848
1031967
1083353
630056
487201
255451
984677
877100
1161385
630030
479540
1198372
1193363
1109651
1047378
1166008
1162326
186050
108286
915120
615545
1002448
836203
665721
926993
523292
656475
781838
256121
621719
337368
288159
547140
621594
247936
1165845
248199
1019764
288362
288579
251789
246332
984758
288474
857325
1165477
666210
621532
1166688
1122547
410766
1120925
1156662
400620
621678
297001
271171
699336
748510
1122583
52044
751556
339457
568666
286890
848405
290581
407466
583657
583588
621473
564606
1122580
1165852
699208
248197
1193063
544511
568422
741678
621485
517221
1166186
1120991
281814
1166235
1122489
551905
1044164
1032465
621565
376978
295230
295062
1019850
1231628
288055
248198
246338
624589
569597
569941
569598
1157984
689950
445977
286602
502888
545828
264387
1019831
687163
1095126
1144047
299243
735544
73286
410661
399036
297027
65429
463081
297180
285609
174431
296911
338966
276937
339012
529441
433413
479285
239782
781911
334558
412170
569074
96574
300844
583776
548877
479448
344723
337553
276739
412574
665779
561803
759776
705952
705938
400660
566819
548229
306110
281233
551899
1189059
924041
1136144
489982
1194120
887804
291402
801619
376432
298136
782514
446146
336159
291172
551782
1083232
822170
406867
917961
822183
241557
411760
1163917
288232
822055
1197417
1157359
390242
446692
983590
624739
401155
1061899
1104991
1135446
951266
734886
782468
400058
1161202
446302
535867
394074
410440
1200334
394188
1134897
793420
567541
847835
879562
854309
879568
305984
315725
805021
255464
295545
985336
917026
299238
1026200
1083231
1046936
276929
1164707
298371
862549
299449
810267
724074
1159818
299819
871623
1160353
1101617
879545
567923
1083230
298697
298560
393956
393957
1178512
1047896
1047900
1083387
1047899
1076611
1047894
1047898
1047895
1157984
689950
445977
286602
502888
545828
264387
1019831
687163
11014
431836
535874
914270
1179527
1158651
1193972
633603
412666
255402
538726
462128
1030831
230144
73270
980345
281576
522843
923927
394563
869412
1191895
1187717
394417
71550
1156427
1031263
1155929
545991
951117
502460
755347
290150
951103
1060764
648686
522890
303163
239659
1165555
43421
545993
905692
1197667
931569
281646
545994
1159606
1122817
1090429
1159518
1163262
1148602
1161586
290428
1144047
1147907
548445
10947
1158058
522902
335200
926826
969231
230533
399236
444896
1077587
445181
300277
908133
569353
542507
300263
237485
569108
1157572
400217
1119483
1134923
641772
1061044
532343
548572
927793
1165220
984017
551702
409627
544558
706532
1160275
1178798
1158391
1076801
1166170
565116
920467
532130
1199477
1158141
557918
1255507
488843
621422
969017
1047475
81751
564724
772303
924041
344975
926818
802991
287043
408102
444302
267313
267380
399037
544646
394094
267369
408082
239493
267390
835220
867571
75225
443964
237478
574534
462356
280290
75224
287957
276659
1119577
305737
410544
443192
284277
446239
292622
460271
292592
292613
625544
338805
237315
433343
304411
186964
287133
344621
240111
303039
930011
239654
284128
551790
43417
770157
284033
400545
1197247
407473
1019841
535463
299330
399412
299331
288544
256356
400965
284305
446551
400889
284581
182098
624807
299335
1150736
1165119
1002583
1157906
1030871
847739
400580
281822
1019802
847707
302690
302742
1019840
444770
280474
869544
867571
75225
287957
276659
443964
305737
237478
443192
284277
460271
574534
292613
625544
487737
804975
687047
290092
444665
186695
289283
532379
548250
288282
255043
401258
246215
344872
861856
302682
503043
186731
958694
10955
532378
280519
548949
43425
255173
544944
299336
847536
860255
1155191
547351
1193395
847647
1197953
337005
461265
339369
298566
1032037
1166042
705875
237941
299133
948050
337006
1046923
1047472
1082828
412474
657031
648904
1110041
963857
335367
298942
412240
287936
568969
545517
1083090
615572
626326
984522
622164
1147293
533077
1082815
879549
1082971
735304
862861
1083224
1059948
1083378
1019799
344975
926818
802991
287043
408102
444302
267313
267380
399037
544646
394094
267369
408082
239493
267390
835220
263080
546897
1193187
502259
930035
237299
301651
185936
759810
699275
666140
908130
689917
860581
1165420
860848
1031967
1083353
487201
255451
984677
877100
1161385
479540
1198372
1193363
1109651
1161877
1194483
1047378
1166008
1162326
1121061
412565
186050
1019761
399036
297027
276937
339012
529441
569074
96574
344723
1197417
735544
73286
65429
463081
297180
285609
174431
296911
433413
479285
239782
781911
334558
412170
300844
583776
548877
299243
479448
337553
276739
412574
561803
759776
705952
705938
400660
566819
548229
306110
281233
551899
1189059
924041
1136144
489982
1194120
887804
291402
801619
376432
298136
336159
291172
551782
1083232
822170
917961
822183
241557
411760
1163917
288232
822055
255972
479494
1202485
764467
305317
535583
551891
262621
699292
263318
773934
984374
705954
789375
1083388
1147900
557948
861974
853193
149038
1161484
444400
296620
288096
296623
951236
623515
168979
291841
292583
764477
411883
254048
292235
290575
770139
443363
1159427
1046949
963857
169080
298371
335367
298942
299449
412240
287936
810267
568969
535731
545517
1083090
399923
299819
615572
1083230
984522
622164
298697
298560
1147293
1047896
533077
1082815
1083387
1082839
1110041
1082971
11014
431836
535874
914270
1179527
1158651
1193972
633603
412666
255402
538726
462128
1030831
230144
73270
980345
281576
522843
923927
394563
869412
1191895
1187717
394417
71550
1156427
1031263
1155929
545991
951117
502460
755347
290150
951103
1060764
648686
522890
303163
239659
1165555
43421
545993
905692
1197667
931569
281646
545994
1159606
1122817
1090429
1159518
798604
1163262
1148602
1161586
290428
1095126
1147910
1162463
864855
1047901
1147901
1147889
297330
298012
546807
1074194
1147919
1147920
926153
624807
237315
433343
304411
186964
344621
338805
240111
303039
930011
239654
284128
551790
43417
770157
284033
400545
1197247
407473
1019841
535463
399412
288544
256356
400965
284305
446551
284581
182098
1165119
1002583
1157906
1030871
847739
400580
281822
1019802
847707
302690
302742
1019840
1140716
1254319
1123005
883521
1027773
1074673
288142
284487
748483
535628
502810
1046882
734805
462356
280290
75224
287957
276659
1119577
305737
410544
443192
284277
446239
292622
460271
292592
292613
625544
461244
894922
967807
292290
1157082
1119231
967803
412446
298647
847743
793447
1135084
514786
847579
847641
1094371
298625
859510
302196
814785
1094498
917110
847577
302089
926899
503365
280938
926169
514854
745965
344872
302682
186731
1155191
1193395
1197953
461265
339369
948050
687047
290092
444665
186695
1157359
548250
288282
255043
401258
246215
503043
10955
390242
446692
43425
299330
983590
544944
299336
299331
847536
624739
547351
847647
337005
1061899
487737
1104991
298566
1032037
299335
412474
1135446
835220
344975
926818
802991
287043
408102
444302
267313
267380
399037
544646
394094
267369
408082
239493
267390
434136
10953
288263
1076734
334761
621308
624200
890213
867030
1070265
862456
1158804
908594
70333
567560
767765
1165508
1095078
463255
908956
545154
557892
730317
546596
1135711
983975
1158684
630094
1192991
1177034
621037
625083
1157969
1083464
1147932
71534
1179234
1095080
1147902
289723
344634
1162886
1155974
545448
1165404
1196468
1197308
108506
621048
1032424
399063
583782
782184
339484
984396
735373
833758
699380
685072
1179425
847789
913033
567704
547775
394113
666271
833748
1192816
856589
1161217
1177237
461561
1191407
1032333
463250
860673
567618
1197274
281600
751626
1158674
1113969
568945
906221
1164436
1254429
547130
1158897
773440
759290
535543
1191784
1199021
923978
1189123
572366
1147919
1147920
1147910
621919
569385
850390
620904
546807
648357
864855
1047871
1147901
1046948
1074194
621780
1147889
926153
528675
343598
730347
305830
547068
478178
295672
625090
1116578
343584
751585
687287
522970
479117
478074
908392
1032213
847628
445465
1116582
1166042
108286
735364
915120
1002448
836203
665721
503294
926993
523292
583580
781838
621719
1177760
337368
544296
850183
850407
288159
547140
529025
621594
247936
735517
248199
850276
251789
246332
984758
407755
338937
288474
857325
1165477
621532
1166688
1122547
410766
287591
621678
297001
271171
699336
748510
1122583
52044
751556
848405
290581
583657
564606
1122580
1165852
699208
248197
544511
568422
741678
621485
517221
1166186
281814
1166235
1122489
551905
1044164
1032465
295230
1019850
1082841
748423
1032168
248198
570362
564333
256073
295546
394059
985474
407740
263080
546897
1193187
502259
301651
185936
759810
666140
908130
689917
860581
1165420
860848
1031967
1083353
630056
255451
984677
877100
1161385
630030
479540
1198372
1193363
1109651
1047378
1166008
1162326
186050
1019761
625168
569108
1032420
1060108
1157572
754563
400217
148661
621517
430938
1148388
1119483
48370
301716
1134785
237061
96572
237103
1134928
70425
302800
1134923
294719
1081038
463028
1178431
248119
1158267
641772
788504
1154467
291784
237074
502854
1156282
774185
1061044
1077753
532343
406794
1163288
548572
1156038
336314
870072
1158679
848402
568237
406936
271413
546817
1160136
927793
1147156
1165220
751641
875177
1199113
1166177
535996
302979
788072
621166
488846
564945
751642
984017
551702
409627
877143
1193298
686504
1166173
1160247
487297
1157409
407509
400216
856104
284605
758988
263356
317855
1155712
256563
409622
544558
566911
1159196
706532
1160679
545671
1160275
1179601
489213
1178798
894905
1246051
1158391
1076801
1031596
478953
624898
1166170
1177397
565116
920467
1110836
985394
1165946
1220440
722166
237062
866950
1070087
442332
1061281
564538
624107
789499
290554
297742
1030972
1198161
1165261
1177823
621157
462171
1062101
303056
1083487
1115965
833752
532130
1199477
1158141
648895
1176775
1194863
924359
1227847
1135510
1119494
1161096
828197
1135914
1158206
1157171
557918
1255507
1220749
1195372
665649
488843
1162551
339557
833746
296923
478950
621369
621422
545708
1119181
853274
860274
621271
847741
1133711
969017
1047475
746686
969254
706173
896800
608089
271638
951129
930044
406949
81751
564724
772303
861792
695757
410768
905576
461439
444352
254955
432998
1127063
338527
287921
200535
287338
165297
255972
240324
407652
764467
958804
621290
1158502
288740
773506
262621
699292
1164419
908735
255934
984374
705954
789375
1083388
734886
461244
894922
1157359
782468
1161202
390242
446692
967807
292290
1157082
1119231
967803
983590
412446
624739
298647
847743
401155
793447
1135084
514786
847579
847641
1061899
1200334
1094371
1104991
298625
859510
302196
814785
1094498
567541
854309
917110
847577
1135446
951266
302089
1061364
489508
1016113
292633
75229
487303
1174345
1177640
402853
947352
75230
446860
519514
761507
1127058
861648
285428
1176796
1162451
292605
1193553
1193680
489474
1128007
335486
457519
896594
1047913
847523
969650
1127069
1194083
1184663
908559
732148
266908
292597
1127059
1127062
958752
517838
292604
292601
292600
1019774
169080
161729
1122450
254913
178195
230479
11015
254039
1196123
187011
412707
11017
230675
11016
234434
810157
624973
230730
705842
301413
611373
280768
185043
285695
254971
1199546
626311
743192
861490
251880
290364
255006
286785
860882
479581
729818
1119965
294509
237458
230700
746823
782576
254879
302970
66350
802905
528780
583821
290715
460562
254880
1061360
569842
444262
789308
299399
890006
906371
1178415
400381
271329
487806
565067
290230
871727
444506
745598
394076
1239365
300993
409414
916904
1155093
502729
565046
545270
408045
1179156
290013
741659
983860
288163
1165931
1019818
263083
1158640
1133540
1120942
240472
391697
1031905
338825
624737
1184411
1134728
289697
561952
705796
569725
1165893
1206502
398933
1157785
624849
1178040
706527
871631
486827
1227864
569817
836780
547005
401262
399039
462185
305321
544872
302627
1048031
1019747
569911
847491
847633
463123
626326
1032213
879549
963857
335367
298942
412240
287936
568969
545517
1083090
615572
984522
622164
533077
1082815
1110041
1082971
335499
1147891
1061364
1016113
487303
1174345
947352
446860
519514
761507
1127058
861648
285428
1162451
1193553
1128007
335486
1047913
1184663
908559
292597
517838
1019774
407652
338527
287921
1157500
165297
240324
1162910
400803
1031711
729570
303851
695757
958804
410768
621290
905576
1081068
529340
461439
1158502
402889
288740
283848
773506
444352
276749
890204
1060546
1027695
254955
1164419
908735
432998
336358
984374
401040
1127063
789375
283926
544928
969289
1192403
1196801
1160353
1101617
1178512
1076611
298371
862549
299449
810267
535731
724074
1159818
399923
299819
871623
879545
567923
1083230
298697
298560
393956
393957
1047896
1047900
1083387
1082839
1047899
1047894
1047898
1047895
621780
295545
917026
299238
1047870
621919
1026200
569385
850390
1046936
276929
968046
1164707
648357
569688
1047871
1046943
1046948
1074194
926153
288116
1155119
1160921
237315
625886
646901
433343
535258
304411
283820
186964
287133
985473
859519
1157911
344621
240111
303039
930011
239654
479505
284128
551790
65106
43417
283932
1031209
770157
1143853
73283
718764
284033
400545
568533
1197247
407473
1194419
1019841
686808
503335
535463
789440
873556
399412
288544
256356
648348
254958
400965
1160697
665586
670719
185926
284305
446551
400889
284581
182098
893980
182145
1077603
1206473
1077601
773450
1150736
1165119
1002583
1157906
847534
1030871
847739
400580
281822
1019802
847707
302690
302742
1019840
907578
49251
545783
50099
290246
724077
297498
300957
200539
394461
73303
479225
487717
338348
336633
400096
245804
339586
300954
1019790
337046
270838
528751
297497
297659
251640
648816
1177049
412290
288024
517386
392660
296950
969616
400894
969432
969236
852939
289448
391738
394334
1155046
49251
545783
50099
724077
297498
300957
200539
394461
73303
479225
487717
338348
336633
400096
305601
245804
339586
336485
300954
1019790
446778
907578
337046
270838
569999
528751
297497
297659
251640
288812
648816
973535
1177049
529275
412290
288024
1195841
517386
300229
304877
1094475
860349
392660
296950
300487
847719
969616
304878
400894
969432
969236
303127
852939
289448
302702
304879
391738
394334
835102
969044
1019799
735304
479494
305601
569001
706156
569002
535583
296595
689827
1158795
1165684
262621
699292
263318
1196270
773934
307216
860349
705954
300487
1109789
1075870
1147900
854388
545532
108286
246334
735364
256120
1165545
1041881
915120
1157843
615545
1165548
302687
1002448
850346
836203
665721
503294
926993
523292
290876
517576
583580
656475
781838
256121
621719
656474
1177760
337368
288157
788369
544296
850183
850407
288159
547140
529025
281317
621594
247936
1165845
248199
1019764
285757
288362
303674
288579
850276
267671
251789
246332
984758
401102
407755
764500
462930
338937
288474
857325
1165477
666210
621532
1120106
1166688
303902
1122547
548804
410766
1120925
1156662
287591
527708
400620
621678
297001
271171
699336
748510
1122583
52044
751556
339457
568666
286890
407352
848405
570360
290581
407466
583657
583588
621473
564606
1122580
1165852
699208
248197
1193063
544511
1160225
568422
741678
341480
621485
517221
1166186
1120991
281814
1166235
1122489
551905
1044164
1032465
621565
376978
295230
295062
1019850
246340
1231628
1082841
288055
748423
1032168
248198
869952
246338
570362
1105206
1047870
621919
569385
850390
343584
648357
1047871
1046943
1046948
1074194
926153
304309
686316
467020
561890
43384
10943
10945
230577
240224
295545
10944
304315
551811
690136
290234
286587
782987
876769
411720
290223
230578
1047409
544329
917026
301984
299296
1160655
410813
295671
443934
299238
305595
299460
746261
301985
295672
402851
302797
625090
410227
302845
290245
302346
301898
1116578
686947
488283
488029
1147930
1147929
544330
1026200
1083231
1046936
621114
687016
746410
443937
470478
408248
572313
276929
467021
968046
871266
687287
670661
470477
302796
467025
522970
241403
570169
561884
301897
871761
522971
1164707
488424
302003
568127
300153
445531
286844
303169
300048
764497
335403
746549
301933
301910
544331
523240
872341
569688
1116581
1147912
770097
1147913
411722
847599
1147927
446782
621780
300589
879581
445465
1116582
1237238
301893
161729
487890
514902
1122450
254913
804983
462837
178195
230479
11015
254039
1196123
187011
256071
412707
11017
230675
11016
296661
868940
234434
810157
624973
230730
705842
301413
611373
280768
185043
285695
254971
1199546
626311
743192
861490
442951
337861
251880
1150722
290364
1161857
255006
286785
860882
479581
879724
729818
1119965
294509
237458
296663
230700
746823
782576
254879
302970
66350
286526
802905
528780
583821
290715
460562
1164999
254880
1061360
569842
444262
789308
299399
337320
890006
906371
400803
1178415
400381
271329
487806
1031711
565067
290230
871727
574523
444506
745598
850283
394076
1239365
1177251
300993
720423
569039
409414
847750
1081068
916904
1155093
1032024
502729
565046
545270
408045
1179156
1177448
290013
741659
983860
288163
1165931
1019818
263083
1158640
1133540
276749
1120942
1083237
240472
1177491
391697
1031905
338825
624737
1184411
1158580
1134728
289697
1193101
561952
1177017
705796
569725
1165893
489229
1206502
398933
1157785
624849
1178040
706527
871631
486827
1227864
569817
836780
547005
401262
399039
462185
1030600
401040
305321
544872
302627
1048031
847824
1019747
569911
444050
847491
847633
847586
847814
847681
847680
463123
1197674
528933
890180
564356
11007
908244
108455
805030
210187
52042
908963
1032084
108920
1110158
75222
860808
1161257
568160
443515
11005
11004
255599
503006
699308
831848
488641
256345
255001
284114
165689
907626
764477
649027
181770
256070
394487
256085
859622
445528
1177244
344654
1120145
611513
305817
255716
263516
256079
462028
1196122
344655
446660
788667
774122
73284
519497
300222
564963
1147888
1161232
517454
487437
446273
788722
165455
247980
248059
868696
290575
433182
1030413
770139
1031901
1110626
502849
230673
738666
1147914
1164749
1159427
1195341
1195514
632616
297948
767760
623689
924692
478415
1046949
1094855
394489
522392
444918
165373
445018
983783
522948
570554
255592
624173
1032396
299329
305063
547732
303437
1030239
400833
567965
548022
567938
926005
568029
847595
409396
394493
1032174
1047007
240580
1047006
401205
411915
400927
969234
293268
399008
286638
1109800
1136165
847791
569906
446559
502893
299016
1249311
230771
810143
646879
1207578
1158845
568726
927811
247623
611362
831830
286939
611500
503285
623604
394248
1193216
729815
1197775
521636
263612
1060116
984776
1031245
302241
412118
927831
237410
1194903
624162
1136221
186559
762748
1147933
847585
847645
248153
847790
969668
916950
1019766
1019851
847643
847498
831831
847587
762620
847797
847512
478597
1075154
305761
734758
879564
969182
338140
804975
687047
290092
444665
263495
186695
289283
532379
548250
288282
255043
237785
401258
246215
861856
503043
283740
958694
10955
532378
280519
548949
43425
255173
299330
544944
299336
108901
299331
847536
860255
547351
847647
283719
337005
298566
1032037
705875
237941
299335
299133
337006
1046923
1047472
1082828
412474
304309
686316
467020
561890
568125
43384
10943
10945
230577
295485
240224
10944
305830
304315
551811
690136
290234
861686
280524
286587
782987
876769
411720
290223
230578
1047409
544329
270872
301984
1164695
299296
410813
547068
295671
300542
443934
305595
478178
299460
746261
301985
295672
402851
302797
625092
625090
625091
410227
302845
290245
302346
301898
1109958
1116578
686947
488283
488029
1147930
295537
1147929
544330
876540
621114
620904
687016
746410
546807
443937
470478
408248
572313
467021
751585
871266
687287
670661
470477
570410
302796
467025
522970
241403
443935
570169
621111
561884
301897
412034
479117
871761
522971
478078
488424
302003
568127
300153
445531
286844
1193772
303169
478074
300048
764497
624632
443938
445517
335403
412513
299554
746549
301933
301910
544331
445688
523240
675461
908392
872341
617229
1116581
1147912
847628
770097
1127056
1147913
862011
411722
847599
1110066
1147927
446782
300589
879581
445465
1116582
1237238
301893
1120476
400299
625403
1196942
241548
736941
11012
108278
108511
73276
301701
298833
247965
11010
96578
253958
400981
564192
262815
52020
621744
167455
73277
443031
288312
253957
866987
542415
393140
267048
1094673
65110
185968
256663
433169
624889
461538
288606
247742
567592
748496
400569
443330
186611
1220423
442950
445508
869319
267450
444864
289698
311906
1060200
502128
178085
1019759
623601
735406
240655
300081
400493
407317
289389
734987
569711
847685
149149
501896
570317
290567
1178299
290273
246407
1177459
299136
461537
393937
548936
338281
1120554
284792
300274
96580
339933
885697
979309
400899
783857
569389
527740
178257
70263
296617
43438
622175
338372
1165791
810172
1019854
561891
1143997
860841
1144310
248570
564197
788480
847760
536278
1030372
462215
908409
295227
745663
444813
256204
341797
401042
1120559
675494
969427
544216
1094476
288399
1220144
304352
1061911
1047420
478708
344306
546922
1134101
1161840
247548
623945
410056
781555
446667
477873
847811
1019837
620988
1076658
1220655
545767
847757
847778
1120786
1147892
1019793
443485
1083273
564198
870713
1120955
773842
568120
240269
946723
1178516
1196146
501972
1174338
705880
1194086
621620
869573
460591
624326
1016094
548337
758289
286527
564993
299473
284461
1047422
823436
847696
847843
303507
847547
847764
1047418
1019829
1019856
687034
1060064
1195677
661142
711602
281523
622025
1155822
735075
621779
773193
1077317
773194
1080446
1080451
734535
968046
407447
298371
862549
299449
810267
724074
1159818
299819
871623
1160353
1101617
879545
567923
1083230
298697
298560
393956
393957
1178512
1047896
1047900
1083387
1047899
1076611
1047894
1047898
1047895
161677
159208
412648
108217
11002
70624
10999
1127751
223212
239775
412483
288754
11001
247599
262759
52069
255465
487432
247696
173590
929375
522362
625344
159254
305315
699554
545953
399152
165221
297970
399155
281367
239406
1075985
1030851
522628
281365
762286
517646
161611
514837
239468
462701
847607
237472
885045
774240
335189
302651
847648
1135281
907260
781814
237761
298294
699556
680569
165645
781438
344420
514838
303680
462873
238000
168952
240057
393771
239408
983965
443154
462291
1165792
1095336
338215
296531
810188
412482
969648
239784
344494
572462
239776
298326
409019
847819
1119885
462791
1162492
1116053
847497
284496
985225
401036
1061912
296615
433135
686424
239407
302649
569234
165383
572333
251872
623750
108436
298296
983970
1161820
1164922
300027
303508
336401
1196103
590127
570489
297207
624259
706169
569373
302983
568099
344788
1177384
286999
544936
624258
479590
295403
569764
544990
569116
274253
1177282
406974
1177314
1161588
522627
344398
344645
391541
390326
861642
1119973
1116054
1120439
445126
412395
1083281
847571
847834
861676
908760
879575
502971
336532
847528
847496
186819
255270
1078001
847822
847804
1119722
1019776
590126
861678
1077584
302659
969156
1070278
1201774
847793
1177300
338255
161677
159208
302650
412648
108217
48361
11002
70624
10999
1127751
223212
239775
412483
288754
11001
174466
305522
247599
262759
52069
255465
487432
247696
173590
929375
522362
625344
159254
305315
65116
699554
545953
399152
165221
338256
297970
399155
281367
239406
1075985
1030851
336364
522628
281365
762286
517646
161611
514837
239468
462701
847607
237472
885045
774240
335189
302651
847648
237273
1135281
907260
781814
237761
298294
699556
680569
165645
445588
781438
344420
623626
514838
303680
462873
862017
238000
168952
240057
393771
239408
983965
443154
462291
1165792
1095336
338215
296531
810188
623624
412482
969648
239784
344494
572462
239776
298326
409019
1019852
847819
1119885
462791
1162492
1116053
847497
284496
985225
401036
1061912
296615
433135
302507
686424
239407
302649
569234
165383
572333
251872
343576
1192753
623750
623627
108436
298296
983970
1161820
1164922
300027
303508
336401
1196103
590127
570489
281005
297207
624259
757010
706169
569373
302983
568099
344788
1177384
286999
544936
624258
479590
623625
295403
569764
544990
623628
569116
274253
1177282
406974
1177314
1161588
522627
1177684
1184784
344398
303872
344645
391541
390326
519513
861642
1119973
1116054
1120439
445126
412395
1083281
847571
847834
861676
169083
1119994
908760
1120001
879575
1119991
502971
336532
847528
847496
408211
1101638
186819
255270
1078001
847822
847804
1119722
1019776
590126
861678
1077584
302659
969156
1070278
1201774
847793
1177300
847578
1109789
305601
336485
569002
296595
689827
569999
528751
1158795
529275
860349
300487
969044
1075870
434136
305830
270872
1164695
547068
300542
478178
295672
625092
625090
625091
1109958
1116578
295537
751585
687287
570410
522970
412034
479117
478078
478074
624632
443938
445517
299554
445688
908392
617229
847628
1127056
862011
1110066
445465
1116582
255464
687047
290092
444665
186695
548250
288282
255043
401258
246215
344872
302682
503043
186731
958694
10955
43425
255173
299336
847536
1155191
547351
1193395
847647
1197953
337005
461265
487737
339369
298566
1032037
948050
1082828
412474
1030347
995573
292197
400693
263260
293855
408715
443360
737020
293854
445713
1122567
776312
1076734
52048
65118
287320
860887
400345
65107
754584
859981
2019
291109
430923
564316
254022
867030
52086
686575
863332
489181
1070265
929993
862456
186820
547786
433080
10997
306013
548526
546454
862117
463044
287954
70333
567560
400972
767765
765662
391530
867051
783044
979272
487279
1160031
48367
918951
52014
478870
43430
50112
615442
161820
1179186
178283
621004
445620
50107
876528
916135
502627
52016
1121052
682890
551713
230719
745645
557932
867028
70194
522372
71641
291544
549000
568311
810093
545952
623588
294023
859503
297048
780557
675440
735387
517742
748485
48366
557892
255356
741685
566957
292978
255977
10995
50113
230365
871891
984024
545449
564748
847626
1192018
850412
478170
240663
805002
1122823
488405
630094
1158812
572390
621037
625083
176371
730028
186800
1104992
97347
547589
1094182
400138
564146
1083464
1196041
868645
161880
995729
308209
927050
624834
522796
178252
1184555
411449
517707
621001
288502
625081
300921
479488
1160027
1095080
564308
1163133
409537
1147902
1198487
522766
800617
544218
296327
344634
670669
1155974
1162800
545448
1066290
564227
487168
1070277
502691
648649
108506
847663
545144
1083108
624947
296296
289308
548886
237381
546590
900039
583782
782184
486861
567747
1159787
1195846
544540
445074
804932
1158633
1147917
621273
1164657
52072
847524
478173
1177033
522377
699364
745579
1100410
789532
532499
735267
568326
859990
1120414
617120
685072
1195833
457526
847704
1144103
736940
847620
287007
621564
443143
547775
463046
930945
621121
1105081
1161261
1206496
1177028
1255509
782706
1198651
1159567
624248
1136243
621122
1195726
1032333
428329
1193207
583655
746264
793492
567618
1197274
621123
624835
948080
583656
1198078
1257978
1016075
906221
1164436
1110824
759764
1184831
630093
1177026
1120348
1095340
292975
847705
561912
1019785
399621
1075861
847539
295340
847625
561928
1120500
1203286
879584
1036614
666348
1109940
1074685
847494
1127065
564458
561921
71551
1184811
1191784
1199021
894711
983679
561991
823505
489851
745659
288116
572329
433343
304411
186964
617191
247372
344621
338805
240111
930011
551790
43417
770157
344872
302682
186731
284033
400545
407473
1019841
399412
256356
1155191
400965
442428
1193395
1197953
295405
284581
410440
461265
624807
572417
339369
297747
460657
1165119
1002583
948050
1157906
300411
1030871
847739
400580
281822
1019802
847707
1076456
302742
1019840
1165930
776312
1076734
52048
65118
287320
860887
400345
65107
754584
859981
2019
291109
430923
564316
254022
867030
52086
686575
863332
489181
1070265
929993
862456
186820
547786
433080
10997
306013
548526
546454
862117
463044
287954
70333
567560
400972
767765
765662
391530
867051
783044
979272
487279
1160031
48367
918951
52014
478870
43430
50112
615442
161820
1165508
1179186
178283
621004
445620
50107
876528
916135
502627
52016
1121052
682890
551713
230719
745645
557932
867028
908956
70194
522372
71641
291544
549000
568311
810093
545952
623588
294023
859503
297048
780557
675440
735387
517742
748485
48366
557892
255356
741685
566957
292978
255977
546596
10995
50113
230365
871891
1135711
984024
545449
564748
847626
1192018
1158684
850412
478170
240663
805002
1122823
488405
630094
1158812
1192991
572390
1177034
621037
625083
176371
730028
186800
1104992
97347
547589
1094182
400138
564146
1157969
1083464
1196041
1147932
868645
71534
161880
995729
308209
927050
624834
522796
178252
1184555
411449
517707
621001
288502
625081
1179234
300921
479488
1160027
1095080
564308
1163133
409537
1147902
1198487
522766
800617
544218
296327
344634
670669
1162886
1155974
1162800
545448
1066290
1165404
1196468
1197308
564227
1196156
487168
1070277
502691
648649
108506
847663
545144
1083108
624947
296296
289308
548886
237381
1032424
546590
900039
583782
782184
486861
567747
1159787
1195846
544540
445074
804932
1158633
1147917
621273
1164657
52072
984396
847524
478173
1177033
522377
699364
745579
1100410
789532
532499
735267
568326
926872
859990
1120414
617120
685072
1195833
457526
847704
1144103
736940
1179425
847620
913033
621564
443143
547775
463046
930945
666271
621121
1105081
1161261
1192816
856589
1161217
1206496
1177028
1255509
782706
1198651
1177237
1159567
1191407
624248
1136243
621122
1195726
1032333
428329
1193207
583655
746264
793492
567618
1197274
621123
624835
948080
583656
1198078
1257978
568945
1016075
906221
1164436
1110824
759764
1184831
630093
1177026
1120348
1095340
292975
847705
561912
1019785
399621
1158897
1075861
847539
295340
847625
561928
1120500
1203286
879584
1036614
773440
666348
1109940
1074685
847494
1127065
564458
561921
71551
1184811
1191784
1199021
894711
983679
923978
561991
823505
489851
10953
288263
399935
908374
334761
621308
624200
1062253
890213
621487
305367
548979
1158804
908594
446177
287965
787967
161506
894913
583515
1134865
1095078
1001042
463255
443484
951128
1174340
290689
462924
665564
545154
969178
583535
1165750
1075429
951122
730317
893974
535743
547606
1002443
1161974
285510
463337
983975
1193982
239440
1178935
285052
995817
463248
1162239
621492
1158167
916259
770114
239604
262797
486823
836777
646972
446262
443051
178044
757063
301800
568208
699270
289723
283981
1176970
566679
239760
1127061
1143989
666257
947329
338098
429784
781178
337829
675502
621048
1012640
290875
255206
590125
399063
338483
706504
583827
294889
1197960
687235
706250
400680
255951
339484
1144077
1019839
1197957
161962
529146
687226
161785
751630
735373
745568
535508
833758
699380
847789
890201
255225
567704
303560
394113
267069
394428
230670
611342
400307
463330
1206465
833748
297537
567758
546846
583786
1110816
1203739
626400
828260
916526
394515
461561
1030882
294888
546459
304130
291389
810209
1159210
689870
621504
290342
547313
284531
463250
1075645
517416
860673
583539
1012633
547329
281600
398915
630026
287978
161839
906360
1184291
781138
746843
1200571
1193258
1030825
446764
624218
621625
398850
804899
751626
1158674
1113969
297549
281452
931456
620980
488217
284523
757039
263261
567929
1159662
1254429
43388
745664
398906
860855
547130
546850
847632
916527
1204089
1203334
547557
1201018
621428
1116598
1047429
1202545
621725
916748
759290
917018
535543
411294
1189123
394304
446730
1198039
488519
572366
1178344
1193279
850393
850384
1076734
52048
65118
287320
860887
65107
859981
2019
291109
564316
254022
867030
686575
489181
929993
433080
10997
306013
548526
70333
567560
391530
867051
979272
487279
48367
52014
43430
50112
615442
1165508
178283
621004
445620
50107
876528
916135
502627
52016
1121052
682890
551713
230719
745645
557932
867028
908956
522372
71641
549000
810093
545952
294023
859503
780557
675440
735387
517742
48366
557892
741685
566957
255977
546596
10995
50113
230365
871891
1135711
984024
564748
1192018
850412
478170
240663
805002
488405
1158812
572390
625083
176371
730028
1104992
1094182
400138
564146
1157969
1083464
1196041
1147932
868645
71534
995729
308209
927050
522796
178252
411449
621001
288502
625081
1179234
300921
479488
1160027
1095080
564308
409537
1147902
1198487
522766
800617
544218
344634
670669
1162800
545448
1197308
564227
487168
1070277
502691
648649
108506
847663
545144
1083108
624947
289308
548886
237381
1032424
546590
900039
782184
486861
567747
1195846
544540
445074
804932
1158633
1147917
621273
1164657
984396
847524
478173
1177033
522377
745579
789532
532499
568326
926872
859990
1120414
617120
457526
1144103
736940
1179425
913033
621564
443143
463046
930945
666271
621121
1105081
1161261
1192816
856589
1206496
1177028
1255509
782706
1198651
1177237
1159567
1191407
624248
1136243
621122
1195726
1032333
583655
746264
793492
567618
1197274
621123
624835
948080
583656
1198078
1257978
1016075
906221
1110824
759764
1184831
630093
1177026
1120348
1095340
561912
1019785
399621
295340
561928
1120500
1203286
1036614
1109940
1074685
847494
1127065
564458
561921
71551
1184811
983679
923978
561991
823505
489851
730060
648913
546247
178099
775065
178158
393980
546692
247355
65493
665815
10960
185974
237755
336809
167463
667300
572327
789484
984367
98964
1193672
255653
10966
570118
248399
247990
10963
1032128
624095
230699
296887
295648
262742
111544
10961
734807
1158452
983957
920372
161765
529354
165706
298548
293951
52070
1134129
10964
43397
1032059
178091
666137
239524
1064362
648780
400577
154800
291842
336786
291016
1061207
267103
907630
240070
294919
545244
271590
486825
108483
686971
267074
237610
108644
685204
280805
276245
861631
741700
338906
746829
297142
535509
867652
271522
390218
551987
292392
240066
241084
861663
1160218
285738
288769
262435
1032340
10967
161676
572329
108537
291012
161853
1031227
291017
789418
557861
937298
200952
936573
461244
281833
686315
535510
194445
281068
223242
293087
290652
568532
241425
294914
70335
399161
569992
246309
293515
940491
487812
74039
446846
894922
237261
108336
297688
230721
908274
237387
294450
617191
161666
161835
730030
252330
96591
194291
230124
409810
267398
1155668
624831
255319
1194901
445807
503262
165281
89326
178114
247540
247372
108643
445484
247448
517261
535511
406815
857832
284906
623514
992042
297867
305987
81748
281712
305985
181774
335570
568539
297521
65099
961865
545155
748440
1115897
393993
84924
810262
335587
782468
502033
334871
90770
284282
281340
237790
462508
286699
1200380
223131
1134660
239423
913012
230575
293088
169057
412399
104896
248553
857490
285543
1161652
186900
288419
262581
237810
239497
241346
1156703
275964
108409
293369
782091
336574
186841
926697
462738
174464
761634
280627
80949
288850
400722
178276
686462
238009
344874
239635
251777
432992
1184858
336891
97253
564228
161867
292405
462240
108782
446043
239422
230684
293992
1138440
408720
400058
338583
77443
108533
568699
930797
251803
230123
564516
460443
182152
478041
296885
301786
1161202
1036618
215812
290212
274262
759805
109126
306109
286837
159164
247385
294917
289716
624981
271658
246345
247914
1200581
186778
489100
407493
951119
1158603
230302
289715
730015
230767
109160
289832
288070
237265
43396
289276
255213
1110686
338654
159223
296982
1119546
1164947
445778
446302
246226
399298
248003
931106
967807
10962
1196116
90776
246341
302326
1178611
159222
292290
1199483
1179514
411188
564933
297429
1161488
288126
410143
299011
1157082
186186
338530
290207
567963
303011
198831
1119231
967803
240103
1161871
255490
247474
223241
847659
90346
289726
522972
267261
276237
412446
443298
300212
909051
289713
968835
443493
290206
335547
773349
1164810
461523
877131
85643
64309
286627
390347
311214
444353
734406
948119
1177499
289831
255229
1119975
1120248
303346
299010
283746
442428
446314
230741
288407
297797
783978
528838
548232
302684
489072
1184534
772366
1178610
298647
297564
1166006
311909
335199
535867
216205
292391
251867
535255
1179314
567961
280586
1179341
251871
393992
443864
479102
239619
407099
847743
247445
43400
569600
1122443
394074
71546
225727
407149
1161821
1039559
89859
161822
216174
687068
298933
294449
623770
1157099
793447
1135084
408353
108649
969215
247587
985176
288772
288396
295405
444529
859621
161806
297520
336415
1157071
410675
433063
241539
1095157
514786
297380
847579
241509
729579
410440
460524
43428
847641
289451
284143
313894
1143868
409475
297835
239466
254040
545158
1199785
462704
91721
279353
119832
289681
301988
462919
280790
411733
1197204
297565
401236
624135
290217
1110291
623595
546045
288959
1179307
248200
297367
724081
391524
300062
446726
572417
488533
1157103
291618
1178552
286251
859980
280397
624153
297067
246221
1032141
1120273
251823
305645
936605
1177952
1194230
289130
623648
246294
1157106
1094371
400090
446429
111234
1154976
406964
303575
624131
409328
624102
1156974
789377
798528
394188
1134897
1156977
298625
1178294
1178839
62683
297066
1093497
288075
1120291
401283
1122452
947418
859510
301833
407739
1031291
296983
624101
297747
1177500
1200575
460657
1031120
284946
624133
406988
297555
1178419
1199227
1178832
338933
400585
297519
299057
296721
649086
297065
983976
1165908
302196
300058
288418
623597
302978
304175
814785
255307
297273
1178310
303570
1179598
1166196
1179309
1060219
43402
1220773
290218
297003
305584
297559
306107
1178831
334592
1192010
793420
1199410
1178845
1156976
297833
1094498
535522
623596
288990
624136
406977
291527
1122453
567893
1157123
479220
302749
649132
300411
1136087
624132
732184
1119272
567920
303964
446433
623609
253966
43401
461222
461223
302780
847835
734846
879562
969430
854309
1203558
1201837
393997
847588
850387
336489
853786
847611
1127071
847721
917110
834896
1019779
879568
1218362
96333
969424
297274
393952
572085
908713
847570
335871
1061213
1076456
1019825
302661
847841
255322
969214
869189
847736
1147899
546529
847596
1019781
847700
853153
969623
847577
64307
557956
625573
193530
1165930
290209
1047008
291350
255000
443905
237451
104895
280585
302089
446872
148948
246343
274381
1178593
10971
10981
10984
165247
65492
286608
10978
159186
623720
49251
1009828
545120
666232
178219
488444
165684
10983
393634
1158663
568250
109233
433007
289430
10987
10974
788728
148680
280354
488373
338527
287921
174450
178097
200535
896779
847928
334358
84512
1157500
625728
10982
315667
10976
159093
770136
535956
555618
400775
334506
929399
410767
50098
287338
239624
519480
291221
50114
1161490
159188
230121
408750
179072
247383
432956
281811
1158678
894894
281378
165511
1032005
567016
12132
544736
1155090
535544
291578
406830
336538
84513
165297
376498
478314
297230
570366
70177
264347
896754
109280
545783
10975
109162
148960
408258
267134
1196034
1016159
172335
544868
774134
148705
73311
96584
230119
148717
173618
281842
301975
735304
236996
178220
335268
734895
295407
240681
178218
433003
223125
334520
1157539
297201
1156124
738662
10970
281841
237314
295219
290959
670705
267732
281843
1120953
222994
159271
1166013
334841
253979
248060
161500
548305
885823
239502
240324
409129
248017
247876
247939
161613
1159148
564788
1194082
230301
446629
463214
1162910
661084
583617
289648
266889
168995
547077
746865
860845
1061226
781453
165699
247776
290202
186606
802989
50099
293009
433185
288049
670695
294475
741699
401248
284094
287731
263608
394458
240129
284334
394462
782544
284106
406924
165696
290246
904767
168950
247811
298634
52082
256077
517193
305769
193537
724077
570457
409620
517409
536273
284562
297498
245781
1193641
276624
178221
443766
230409
517496
165454
611444
302743
410033
223000
299073
1156074
288864
301010
96585
149148
429783
523102
861673
535962
300957
176374
276498
565173
256146
412408
200539
247543
239593
299988
338733
161742
296863
279356
523432
295178
287930
544181
394461
255423
446422
222993
1193366
246286
266974
1157773
624801
1135262
276108
276512
296329
247929
446766
286509
302050
73303
479225
237747
237280
781661
280378
409801
551935
992048
230383
729570
230151
746778
487717
523624
338348
336633
698783
517168
271633
247924
169047
303851
568323
239596
410778
617281
870098
247858
263028
294215
251540
239585
291657
1197249
1161655
522784
237497
400096
528723
305601
336669
446217
300972
433240
444900
564167
237390
1155627
237422
276814
334988
1077935
295469
958804
245804
569001
301993
288577
292557
280313
286420
411617
266919
690065
621290
343571
284303
267132
649114
401149
247937
555587
286358
549031
276815
255279
339586
479230
289774
478603
298638
285763
248016
773270
569560
290179
186098
255953
630016
478948
297973
407982
336485
288749
246298
256026
300954
1164946
230382
276816
237739
394478
781888
284516
289483
399058
1207000
401091
334840
1165304
245723
271812
1199048
621381
337818
557893
302680
288054
295660
478264
411821
762704
823506
502509
297880
706156
486912
401265
548134
280720
1030898
406957
529340
305684
283741
625850
392630
1019790
624941
294483
847610
551933
305715
910216
339602
489807
474420
1164769
303054
287004
523502
402889
479101
300140
633035
254057
699566
446241
711856
290289
267711
391730
568997
1030350
847747
245858
303875
407471
569002
446778
730313
400349
908248
288740
297152
290743
267080
289091
306016
237333
283848
298635
773506
299904
1110570
297975
362008
237709
288575
302586
1109887
744570
444779
294652
648578
299903
445441
399280
303397
222995
720515
1077924
247378
288047
337046
566722
335647
335371
338089
270838
296595
400067
391559
256078
306038
303552
294859
802931
443626
10973
296962
847544
334865
689827
288039
502925
621466
223197
287003
43410
569999
237735
528751
284736
338433
1147925
396346
408244
339461
862151
689958
781446
298133
446308
1147926
1193991
339380
931287
304271
412876
237883
255958
699294
847584
336437
1145530
890204
782538
1060546
1158795
294468
523455
1027695
302730
1165684
237925
502758
908245
400881
1161726
297497
1177512
267496
296864
297659
969446
1254690
287793
847500
398907
237764
294657
251640
315758
446776
789236
297974
1115920
1156856
297586
407753
287730
288812
852693
1032011
621051
411127
287801
301008
275815
1181039
1196270
1120413
1110808
271654
445177
1199250
401272
1255119
376985
648816
1086541
1128601
1164419
973535
694128
687060
1192182
299918
284689
336543
1177049
908735
283724
847507
460393
529275
339128
412290
1192398
1197880
336358
1198389
247356
288024
487840
1195841
548460
876964
433101
992178
570179
393425
847511
1179232
338427
307216
687041
850128
433100
298433
517386
930805
299909
300229
1061367
401266
1200065
400101
408268
1194957
297563
286588
1163923
393542
976800
905676
304877
1255304
446093
1032402
399066
828254
789257
444554
1094475
288505
1255748
1135093
255934
393422
1157870
665574
1116465
1164509
463355
732142
284954
297843
289163
1086550
461531
392634
624160
896966
561816
769863
286768
344442
247345
338266
339460
281232
860349
847821
1147898
338761
517456
392660
847803
298134
298633
847546
296865
460646
391714
925811
290742
1074453
339563
299907
296950
1217697
847699
896722
931658
856585
548980
847687
247803
412293
847651
720521
758295
300487
847785
1019794
847719
460635
570162
391741
1047312
969237
1119806
337737
1075331
1217748
847840
847602
969616
850438
399068
290744
906457
847516
847686
304878
400894
969432
969236
847669
297977
847503
535692
263011
407356
297155
847813
860877
847836
337114
625287
337045
847809
336435
775112
885788
487002
303127
284685
625562
847839
879573
287094
1221016
852939
969235
1047313
847691
1228958
879569
1127060
299908
969078
410519
847541
781514
847759
850386
969211
1075870
847784
262891
289448
407274
245792
847624
302702
339598
551934
339830
339191
686520
718765
847537
336807
854388
304879
408309
255978
781887
276930
391738
339831
283926
732093
304270
253986
410050
727527
237812
1135261
1196252
1133691
394334
242025
547317
239657
847752
400576
630044
551978
548115
443720
1110093
1197203
1127073
339958
547684
286699
926697
291618
1031291
625573
